61.112463
118.465153
962.954366
135.271259
115.946873
937.208372
493.411733
206.613486
365.926250
130.606687
130.068002
194.677086
99.820600
91.980673
108.654131
76.829992
303.282574
163.147087
463.271847
179.669470
191.826783
157.148228
263.832314
516.531612
198.719949
164.694400
212.397685
194.689196
216.017378
208.999696
426.767479
278.113349
837.760712
119.454569
449.686733
641.868674
705.694561
223.513181
119.823026
242.491395
178.032737
665.628816
296.542272
617.792120
780.732418
740.502981
123.740992
361.905286
416.430933
217.405309
473.142197
229.379865
393.563778
153.027547
817.525002
176.907739
284.308249
201.807620
744.226477
479.573034
290.606978
215.806742
57.271610
94.073820
94.291194
133.357739
121.251975
134.394661
316.514643
160.250065
123.640583
146.982434
58.791525
69.730673
160.716748
66.810421
166.087802
124.150128
166.043896
114.424291
173.919598
286.924593
280.884514
68.441692
208.005452
376.267694
130.795300
301.137862
71.926541
276.418693
212.486890
122.547970
132.577472
97.661202
85.558605
141.474895
115.680543
222.761081
772.038020
187.651029
941.822963
135.607115
167.502219
292.797971
167.839861
158.497979
163.611449
261.007768
163.677316
204.096803
450.410591
675.557738
892.899671
678.410830
408.217185
196.948165
1843.289779
140.598650
745.229880
203.554171
419.375548
191.039780
143.692544
115.999038
115.847373
139.478815
370.596297
126.332902
524.183260
535.119500
1643.546006
137.408123
444.156901
132.653122
773.788025
1252.128099
335.146391
130.581443
433.203863
797.426748
142.671612
1085.436272
1330.099827
533.526531
407.695223
413.743283
1621.358073
392.249302
310.481178
170.499097
557.545870
184.632510
1158.534148
229.839694
360.753034
1212.933040
820.958634
191.596985
354.198019
448.761700
498.068915
548.374261
251.597567
229.095950
158.000856
270.799554
143.912992
161.748734
73.501235
727.985965
467.379273
309.456653
195.637086
128.323129
369.893083
103.792516
136.386501
189.115708
147.467754
155.666616
62.150303
141.893857
162.675067
247.963057
383.481902
85.981197
735.338468
194.083845
708.500983
245.262698
173.909194
142.263809
493.261538
142.785150
400.909984
153.384149
55.858311
223.943836
127.759469
134.613601
151.483437
258.063798
228.014044
172.401318
136.975402
1253.168887
341.432224
78.753410
380.668535
554.157030
86.314357
115.378218
247.658626
167.239019
367.696555
254.173791
341.441432
178.220515
345.081041
297.634615
374.711036
182.135875
331.581880
329.828312
420.938037
312.076751
158.717083
479.082150
260.410928
428.794030
169.054594
112.050682
55.277856
258.044774
73.042433
936.712284
286.275403
444.387846
389.139332
324.954248
279.918319
453.445511
248.107307
411.770979
655.897231
268.816257
305.802077
246.193155
615.992719
78.026332
147.322989
295.220956
316.041288
129.133118
4464.733476
123.567651
166.621792
665.924147
223.310574
337.271839
256.730128
88.038282
207.614267
240.121025
167.936795
61.735910
414.501258
777.554738
54.744703
213.962334
286.211954
648.115993
168.990724
131.744633
658.475332
248.314731
81.583935
253.813901
145.669485
154.244674
302.882854
338.923146
117.486303
318.940117
67.463963
304.475680
9.365893
163.261736
520.213802
141.624194
330.012897
82.903497
70.882062
135.376967
392.823578
287.605377
78.125208
265.912286
96.778890
423.084350
336.884276
247.012860
153.521982
96.690282
162.911248
358.831535
223.005125
117.950577
107.915823
223.607890
225.360437
155.718634
354.638005
278.691096
773.941013
568.319021
847.449888
64.145811
228.841463
228.646351
217.002085
355.389710
185.684013
254.727667
238.354067
324.163105
188.740788
210.444155
178.763331
434.788121
402.874110
271.431713
289.198962
176.494222
