588.197747
350.130300
374.815740
12.201458
153.068844
366.913966
359.391388
258.714155
275.917868
383.322514
152.647807
138.395509
222.346769
330.824611
139.755036
773.237486
831.640444
284.508533
78.651539
239.116229
503.198494
481.202778
364.657955
277.657720
806.953976
526.666165
423.274388
161.647003
176.101854
139.533643
311.039389
715.153721
387.555202
501.117465
417.309676
450.371891
242.378016
446.795581
777.409921
87.149888
121.047417
470.357294
255.825163
833.836055
454.862574
935.247726
424.791173
288.285947
362.931312
178.235994
473.273934
312.834024
338.949074
1070.657399
935.980761
1823.992545
987.078263
893.259230
1717.111379
419.361500
1494.871892
247.596836
3162.341057
1779.778512
265.218322
2070.726629
634.228915
392.137356
388.782879
863.397315
1100.024347
924.284325
516.645071
1329.581152
1452.749536
665.944002
303.630734
717.567544
1846.620572
331.537717
111.937874
91.813357
180.727688
182.389332
395.742404
1157.279797
893.020441
184.932795
2362.658004
330.799498
632.961419
1033.684768
997.292365
150.407150
634.517433
174.988077
3100.612209
200.217145
104.596851
522.099622
1723.059669
71.522842
99.847633
142.514976
201.467239
70.441687
245.680851
120.551148
361.209873
7.759241
254.158830
137.659224
86.837567
78.765880
1121.820895
521.729218
306.008570
643.945983
1170.019187
250.202075
400.152183
160.514489
165.942355
269.661379
156.182237
1125.972339
836.202316
885.933132
464.443707
928.706664
648.192457
891.288786
1228.296361
512.695739
752.216564
1622.360199
794.858237
475.573439
1223.948893
505.873567
1908.357903
1808.085352
2211.404336
618.694667
1151.435358
1339.871155
515.406070
854.401658
768.891319
672.840701
1111.690678
419.919936
1075.616433
119.494504
228.035244
114.339778
361.484395
230.094890
199.873805
253.845404
234.633896
195.457472
382.675869
391.288560
1038.018244
211.278065
782.171468
375.608537
489.089837
695.905799
308.840590
495.466900
304.406992
436.012274
216.265674
312.432431
159.101162
305.677026
274.593221
195.580593
351.703876
471.780607
1042.736875
182.961889
74.678712
84.067476
88.289366
106.201840
330.454989
231.065340
419.588727
331.010585
305.035300
170.016614
372.761820
211.364646
351.602238
3338.669984
289.554342
67.611955
373.473240
371.232632
719.052997
552.786399
3953.920638
150.494565
226.624442
677.010508
91.920782
2236.580858
281.757269
120.209659
74.434745
156.918355
1264.186205
1045.451119
782.518045
294.187081
419.707282
280.536356
237.991332
333.979299
610.061349
708.451106
100.436116
261.029512
232.986647
461.381652
623.323498
262.066422
104.849009
250.047869
211.124686
122.262501
2014.550303
834.570849
224.765791
137.486184
117.919169
579.474715
1038.710535
1823.411704
1137.122579
531.781643
457.902913
772.938927
729.620634
1632.059494
281.508842
1369.879896
2101.976991
121.851964
245.083809
132.782187
1917.052732
350.219850
352.260124
1123.718405
899.714347
1515.259046
460.409593
313.841899
441.324337
175.903897
547.496022
231.795895
580.635873
328.879667
332.653197
8.444158
150.105666
204.284467
637.255049
596.769570
106.809036
123.677044
124.540743
270.447418
375.886114
130.567179
390.127140
334.050331
169.232247
192.792415
101.055523
198.349701
283.981310
271.802854
169.744256
283.407418
507.919435
641.248405
146.581906
644.646117
129.129088
7.841511
139.879471
151.515545
348.479284
216.034480
401.573773
516.732535
816.679764
454.425696
3177.737594
108.133642
130.375144
170.217900
178.012559
460.858123
139.917816
144.586601
414.594135
564.368831
226.818335
221.504013
105.436892
166.849671
6.954086
309.246856
318.340102
129.421590
589.858923
413.739075
6.992466
497.920416
115.034023
6.345916
468.780223
145.145702
3101.738795
8.722429
957.864375
1674.929604
1287.208113
303.686694
356.253444
134.128050
2801.855029
3701.409343
4079.300695
1045.630859
147.860266
312.573735
996.896620
197.729507
185.440440
697.780398
435.174838
2276.485591
514.009787
175.320695
214.042998
1270.433363
634.738492
278.459638
1582.180040
110.008375
1039.284383
602.992386
327.120197
468.436210
1404.490951
377.424041
1693.377356
102.301706
1850.201167
596.709368
130.105047
91.662379
342.614907
330.942696
233.213677
287.480165
268.241968
7.805291
2322.819730
425.370755
116.057057
2984.055052
2199.872724
4122.391654
2410.821807
458.947401
1432.635514
1313.584833
574.884326
571.399640
146.492327
144.759833
256.342075
748.193330
963.486609
381.160087
300.059666
229.470843
2443.032353
2681.585869
895.885714
496.154382
277.363962
178.681185
757.135378
1032.789880
235.149489
681.552465
1371.312660
1002.024781
574.943284
1375.314610
181.870199
461.622563
51.286472
202.692782
258.584101
580.385257
459.414040
138.976724
64.777899
8.009326
1894.696005
873.318122
133.524900
959.964078
61.895248
427.849872
281.103209
239.487535
225.147401
807.430688
2091.620168
3009.965900
1798.876075
1531.135864
142.091219
112.193710
334.461583
587.810257
158.617222
255.044063
197.708717
857.861986
765.962946
271.503368
837.311696
804.596110
326.015342
438.863226
110.925033
165.653204
175.683328
1144.524020
285.675231
750.261112
544.714769
95.611412
878.323759
84.763012
1267.115401
1789.154491
347.536674
316.148157
277.580832
377.998908
275.262441
1681.952388
213.906521
780.728202
429.547520
465.806376
298.481445
115.110539
185.101222
166.471806
2016.247542
1726.619322
143.280289
354.628883
606.102343
169.535970
785.502686
632.554598
3337.584863
234.466163
457.188657
264.055825
196.959551
494.172450
923.987178
886.269617
238.724002
92.092918
270.114643
129.030314
470.448140
875.984336
452.226085
155.698339
4124.163497
344.065966
330.388627
183.854876
1214.363935
704.055231
277.298659
1846.075173
1861.141205
107.579482
241.148150
1228.473237
243.163737
96.987728
195.558336
467.391369
298.064363
402.523268
1465.029715
92.149419
602.610569
1276.391819
553.128257
1347.226509
583.285085
1143.273225
1010.047101
127.747514
70.974043
163.178915
882.575291
133.559821
168.933129
225.487432
287.868805
720.904425
244.741812
154.189474
684.802485
994.921787
220.701462
113.889293
163.069091
2674.223178
154.926212
945.590647
155.196325
185.910149
157.176535
187.340751
221.906334
75.610113
220.443068
186.923663
61.819195
228.576174
